0.0 0.0 0.0 0.0
0.009999833334166664 0.013332938275116583 0.01666589507244506 0.01999866669333308
0.03998933418663416 0.046649730239355675 0.053308052978412165 0.059964006479444595
0.08987854919801104 0.09983341664682815 0.10977830083717481 0.11971220728891936
0.15931820661424598 0.172466685638439 0.18558450437274915 0.19866933079506122
0.24740395925452294 0.26351739114353506 0.27955762545164153 0.29552020666133955
0.35227423327508994 0.3709204694129827 0.3894183423086505 0.40776045305957015
0.470625888171158 0.49108367776111306 0.5112741117013089 0.5311861979208834
0.5971954413623921 0.6183698030697371 0.6391044611967783 0.6593846719714731
0.7242871743701426 0.7446431199708593 0.7643289370255051 0.7833269096274834
0.8414709848078965 0.8590102860595255 0.8755952198100254 0.8912073600614354
0.935616001553386 0.9479282746288094 0.9589662535794119 0.9687151001182653
0.9914583481916864 0.99588084453764 0.998710143975583 0.9999417202299663
0.9929036510941185 0.9868199153831307 0.978883441110865 0.9691091288804563
0.9252115207881683 0.9065029285978036 0.8858205327218737 0.8632093666488737
0.7780731968879212 0.7457052121767204 0.7114733527908443 0.6754631805511511
0.5493554364271266 0.5040307052988381 0.4572726266358116 0.4092141696720173
0.24894678667315256 0.1936939240751854 0.1378192551829411 0.08150215176026912
-0.09824859374510868 -0.1577456941432482 -0.21667508038737962 -0.274824670323124
-0.45146575216142315 -0.5070344453624223 -0.5605700467819802 -0.6118578909427189
-0.7568024953079283 -0.7986653046413279 -0.8369798048791917 -0.8715757724135882
-0.9546277716602164 -0.9731189832251739 -0.9868438585032365 -0.9957351730622453
-0.9918687573109126 -0.9798785268879106 -0.9626210886223743 -0.9401892075986287
-0.8377694801650978 -0.7934877252600592 -0.7445443098581278 -0.6912267715971271
-0.49964188311690244 -0.4288192113333959 -0.35525355998804264 -0.27941549819892586
-0.03317921654755682 0.05012700988217184 0.13308533347919543 0.21511998808781552
0.4589514863776903 0.5341325726325111 0.6053042403280245 0.6719322456828615
0.8451334116572173 0.8897579983503596 0.927180408695427 0.957097725720417
0.9999022585479752 0.9968533055715858 0.9851269545816491 0.9648252809930913
0.8493633785054673 0.7944559855755027 0.7321306219259079 0.6629692300821833
0.4121184852417566 0.3190983623493521 0.22288991410024764 0.1244544235070617
-0.1841647794006734 -0.28456762180962014 -0.38193461717463745 -0.4752270271347798
-0.7278778703497366 -0.7967444164200457 -0.856554373450017 -0.9066278820139979
-0.9944322093031953 -0.9999902065507035 -0.9934605180929019 -0.9749220735246146
-0.8448959437760261 -0.7789798615230862 -0.7030689207899742 -0.6181371122370333
-0.3111193549811273 -0.1983791711210496 -0.08294188761405016 0.033623047221136695
0.38354275541260996 0.4913415510738144 0.592073514707223 0.6842898458495511
0.901675770066391 0.9480225209755031 0.9799670660048965 0.9970241087570002
0.9544954302409214 0.9091741857476835 0.8492852397326569 0.7757881930112588
0.47763714491401266 0.3597157822506608 0.23572377958110885 0.10775365229944406
-0.2879033166650653 -0.41265789740128334 -0.5300871996569323 -0.6381066823479475
-0.8921293646943759 -0.9453620732746075 -0.9809649852279858 -0.9982741516667748
-0.9354591409916635 -0.8769872049583981 -0.8013543766555692 -0.7100406398403069
-0.35185858693217353 -0.21454170837223813 -0.07282473048117977 0.07038583133961261
0.48856476577251795 0.6108318071605667 0.7199827148685995 0.8136737375071054
0.9855251115651197 0.9997929001426692 0.9916074956086182 0.9611527245021165
0.7387060297037729 0.6270927163259076 0.5007646204144675 0.36268604120434406
-0.09869051400970623 -0.25274671292348316 -0.4006120623185051 -0.538664706477846
-0.8668511558263118 -0.9352099151945389 -0.9796783321005984 -0.999120441568739
-0.9012913640886236 -0.818851840890987 -0.7146156920819176 -0.5913575298651244
