321
757
681
828
212
664
788
50
901
249
673
43
592
595
58
578
308
334
624
683
708
987
11
177
408
54
20
80
893
742
412
413
60
674
576
833
175
45
841
580
964
569
481
20
509
703
947
268
968
865
339
24
253
647
49
553
239
819
941
807
15
151
942
30
556
562
622
166
929
389
909
352
418
36
363
921
916
989
524
975
397
769
468
30
33
614
210
852
461
942
577
944
745
319
448
196
766
732
52
248
818
197
237
438
933
504
606
306
609
789
531
464
245
441
964
747
412
379
936
296
218
799
422
856
711
99
133
641
662
445
453
382
431
265
59
339
130
507
652
415
170
183
874
0
90
944
108
190
497
578
980
709
41
578
368
444
926
470
359
667
937
769
206
412
220
979
191
175
3
921
556
341
300
937
64
635
988
660
100
98
287
417
376
673
327
989
93
777
995
497
84
873
947
767
441
28
956
801
991
866
548
266
483
271
566
318
846
389
165
60
183
866
554
531
397
609
826
245
356
936
210
679
926
661
525
343
522
755
599
24
178
737
554
252
549
156
244
27
670
464
261
179
443
672
34
376
964
6
886
21
674
669
703
447
727
888
548
32
130
555
61
331
7
141
62
92
160
727
793
601
97
964
468
768
939
114
75
154
534
330
906
48
711
247
886
937
520
53
734
934
351
729
526
378
837
750
89
677
363
810
423
908
726
171
678
263
344
937
892
697
912
999
538
24
266
696
235
947
551
121
359
699
141
640
235
835
489
10
740
863
205
512
524
555
304
188
986
650
176
279
706
6
806
105
951
384
218
175
975
386
565
30
197
730
594
386
20
788
479
717
119
564
470
629
646
980
122
68
163
757
302
75
73
538
358
650
122
574
