0.0 0.0 0.0 0.0
0.009999833334166664 0.013332938275116583 0.01666589507244506 0.01999866669333308
0.03998933418663416 0.046649730239355675 0.053308052978412165 0.059964006479444595
0.08987854919801104 0.09983341664682815 0.10977830083717481 0.11971220728891936
0.15931820661424598 0.172466685638439 0.18558450437274915 0.19866933079506122
0.24740395925452294 0.26351739114353506 0.27955762545164153 0.29552020666133955
0.35227423327508994 0.3709204694129827 0.3894183423086505 0.40776045305957015
0.470625888171158 0.49108367776111306 0.5112741117013089 0.5311861979208834
0.5971954413623921 0.6183698030697371 0.6391044611967783 0.6593846719714731
0.7242871743701426 0.7446431199708593 0.7643289370255051 0.7833269096274834
0.8414709848078965 0.8590102860595255 0.8755952198100254 0.8912073600614354
0.935616001553386 0.9479282746288094 0.9589662535794119 0.9687151001182653
0.9914583481916864 0.99588084453764 0.998710143975583 0.9999417202299663
0.9929036510941185 0.9868199153831307 0.978883441110865 0.9691091288804563
0.9252115207881683 0.9065029285978036 0.8858205327218737 0.8632093666488737
0.7780731968879212 0.7457052121767204 0.7114733527908443 0.6754631805511511
0.5493554364271266 0.5040307052988381 0.4572726266358116 0.4092141696720173
0.24894678667315256 0.1936939240751854 0.1378192551829411 0.08150215176026912
-0.09824859374510868 -0.1577456941432482 -0.21667508038737962 -0.274824670323124
-0.45146575216142315 -0.5070344453624223 -0.5605700467819802 -0.6118578909427189
-0.7568024953079283 -0.7986653046413279 -0.8369798048791917 -0.8715757724135882
-0.9546277716602164 -0.9731189832251739 -0.9868438585032365 -0.9957351730622453
-0.9918687573109126 -0.9798785268879106 -0.9626210886223743 -0.9401892075986287
-0.8377694801650978 -0.7934877252600592 -0.7445443098581278 -0.6912267715971271
-0.49964188311690244 -0.4288192113333959 -0.35525355998804264 -0.27941549819892586
-0.03317921654755682 0.05012700988217184 0.13308533347919543 0.21511998808781552
0.4589514863776903 0.5341325726325111 0.6053042403280245 0.6719322456828615
0.8451334116572173 0.8897579983503596 0.927180408695427 0.957097725720417
0.9999022585479752 0.9968533055715858 0.9851269545816491 0.9648252809930913
0.8493633785054673 0.7944559855755027 0.7321306219259079 0.6629692300821833
0.4121184852417566 0.3190983623493521 0.22288991410024764 0.1244544235070617
-0.1841647794006734 -0.28456762180962014 -0.38193461717463745 -0.4752270271347798
-0.7278778703497366 -0.7967444164200457 -0.856554373450017 -0.9066278820139979
-0.9944322093031953 -0.9999902065507035 -0.9934605180929019 -0.9749220735246146
-0.8448959437760261 -0.7789798615230862 -0.7030689207899742 -0.6181371122370333
-0.3111193549811273 -0.1983791711210496 -0.08294188761405016 0.033623047221136695
0.38354275541260996 0.4913415510738144 0.592073514707223 0.6842898458495511
0.901675770066391 0.9480225209755031 0.9799670660048965 0.9970241087570002
0.9544954302409214 0.9091741857476835 0.8492852397326569 0.7757881930112588
0.47763714491401266 0.3597157822506608 0.23572377958110885 0.10775365229944406
-0.2879033166650653 -0.41265789740128334 -0.5300871996569323 -0.6381066823479475
-0.8921293646943759 -0.9453620732746075 -0.9809649852279858 -0.9982741516667748
-0.9354591409916635 -0.8769872049583981 -0.8013543766555692 -0.7100406398403069
-0.35185858693217353 -0.21454170837223813 -0.07282473048117977 0.07038583133961261
0.48856476577251795 0.6108318071605667 0.7199827148685995 0.8136737375071054
0.9855251115651197 0.9997929001426692 0.9916074956086182 0.9611527245021165
0.7387060297037729 0.6270927163259076 0.5007646204144675 0.36268604120434406
-0.09869051400970623 -0.25274671292348316 -0.4006120623185051 -0.538664706477846
-0.8668511558263118 -0.9352099151945389 -0.9796783321005984 -0.999120441568739
-0.9012913640886236 -0.818851840890987 -0.7146156920819176 -0.5913575298651244
-0.13235175009777303 0.03391893065856707 0.19924959787935526 0.3590583540221683
0.7689894082787498 0.8660560122040598 0.9381538175587758 0.9832042110039001
0.9439284932184289 0.872844186066952 0.7756013519621124 0.6551142903144545
0.18329174154023312 0.007667140520617491 -0.1681961387193437 -0.33882346917870015
-0.774336660741918 -0.875111470874499 -0.9476091414709055 -0.9894870832545352
-0.9191536942035773 -0.8319390487487659 -0.7168402403927195 -0.5777150444457317
-0.05589738616432984 0.13036799251296607 0.3121039459721995 0.48299635220569664
0.8791489899453786 0.9533281732846401 0.9931956172988775 0.9973164316901787
0.7940962483324989 0.6625258367597457 0.506268720123952 0.3311472726456436
-0.24980688359658182 -0.4341977244348937 -0.6018488213532232 -0.7462966756449163
-0.9917788534431158 -0.9974317674536479 -0.9633202244737609 -0.8908041440768614
-0.4698420526176928 -0.28190447196595375 -0.08235180865857109 0.1205939298197743
0.674943521557591 0.8119907567789799 0.9144802277281394 0.978050053499565
0.9130514917679978 0.8079734036669851 0.6673944423544118 0.49749139020841093
-0.11901274726402482 -0.32652889663588136 -0.5192406282341614 -0.6884106296376704
-0.9869870631127111 -0.9984787507282041 -0.9632804904333621 -0.8830381910054188
-0.4098568778538965 -0.2009201648274993 0.017701925105413577 0.23547069194472836
0.7880917916587175 0.9048538014494953 0.9766709935255837 0.9999761500651883
0.7732114347673579 0.6109207908767202 0.4173765504966461 0.20248008493753253
-0.4671902346630125 -0.6564553141007345 -0.8111467236621486 -0.9231172983963569
-0.9537526527594719 -0.8584034181080836 -0.7165305415839249 -0.5358232317335149
0.14401501842970182 0.3720199423085351 0.5792846942523218 0.7542542308278333
0.9999930762845921 0.9704467088641155 0.8852704054951812 0.7493468168761324
0.11680784433036491 -0.12592303960581078 -0.3612345979661653 -0.575262385699993
-0.9763597535157811 -0.9995854460435379 -0.9622996686557467 -0.8667595742607592
-0.2942472117115055 -0.04864855487508726 0.19997483347801748 0.43616475524782494
0.9360854760622794 0.9943734154350782 0.9891852504667248 0.9208521691151423
0.38965819015296405 0.14310079614289506 -0.11283212045223551 -0.36137262469094134
-0.9126575317444181 -0.987058373465322 -0.9951091081568642 -0.936268565081013
-0.40945177135458943 -0.1578566780246655 0.10462178849445047 0.35988714257414267
0.9200260381967906 0.9907685865431323 0.9914730005179131 0.9220894845974522
0.3554969790593136 0.09330978845760873 -0.17563846213632497 -0.43186026463649985
-0.9540742851179559 -0.9995223635772142 -0.9707587830575093 -0.8699191566339801
-0.22314377356652915 0.051605355052257634 0.3224295127756581 0.5687305090522153
0.9920932548732733 0.9881400485285247 0.9072214800287415 0.7556402257394118
0.006630983970279104 -0.2731848798699412 -0.5312163887581829 -0.7468875504173764
-0.9912251107046486 -0.9133988564987433 -0.7610241374979511 -0.5465372528001704
0.2876539149415268 0.549508891609113 0.7654731449068682 0.9175110143437958
0.8911240374518025 0.7218577383635819 0.49092368075310666 0.21805038582675929
-0.6211299334496413 -0.8231011159565192 -0.9531600071664829 -0.9999436861830071
-0.6298879942744539 -0.3722285830745313 -0.0813191011387902 0.21685437391298126
0.903810131004686 0.990372772672897 0.9865066873255034 0.8925648785851275
0.18198191386853635 -0.12335005838520452 -0.4171722710778274 -0.6720682554529003
-0.9953761527971204 -0.9186281123844159 -0.7543046265317286 -0.5180711231481249
0.3851826163613315 0.6508769836178503 0.8531907972816158 0.972423312308248
0.7553492856626053 0.5137244788817911 0.22101357199491603 -0.09367550009112813
-0.8693141763748131 -0.9806614469065195 -0.9924429807284667 -0.9034626085630186
-0.15712578382040374 0.16479851091635273 0.4696436124684959 0.7258163447092635
0.9755856866142811 0.8535209175054965 0.6411830462388859 0.36103010278385456
-0.5815459490412923 -0.8137804894957491 -0.9581956537591815 -0.9992068341863537
-0.5063656411097588 -0.19634756798203196 0.13528564459656012 0.45202578717835057
0.995792890539449 0.9701602603987469 0.8356000727599037 0.607220463025184
-0.35922976085713054 -0.6498920788461466 -0.8661478179871225 -0.9832377140429646
-0.6624991450052305 -0.37167896123480937 -0.03747477849794087 0.30110362479261427
0.9748060309685351 0.9926012480911572 0.8922977309232574 0.6858294947053
-0.2900289849580881 -0.6006046409256912 -0.8383542368321069 -0.974449546634441
-0.6723178925490069 -0.3746341866684778 -0.03066405504329391 0.3170946510294128
0.9841764288240821 0.9841049488727921 0.8601658904159123 0.6279592472050247
-0.3904053274343417 -0.689697940935389 -0.9005668970029437 -0.9959774558937091
-0.540070468204281 -0.20570837006319648 0.15551209120231882 0.49642807864176763
0.9988152247235795 0.9149753483299972 0.7094941631068297 0.40968934526910683
-0.6349057410393997 -0.8713203085215057 -0.9898057597935701 -0.974325644866301
-0.22184493213428905 0.14906949809604816 0.4994471552967129 0.7810177594135863
0.8980422714966612 0.6732771525171191 0.3541130230374002 -0.014700673273723682
-0.9146742288752194 -0.999348641736113 -0.9414452555082797 -0.7492251885075525
0.29848848456869004 0.6337889747776705 0.8770925578191073 0.9930827828972584
0.5042248353879422 0.14134253906971098 -0.2424100534306821 -0.5903689659397025
-0.9735020974243159 -0.8134601511951173 -0.5312512299222263 -0.16925800003567532
0.8467910175842471 0.9859980143413686 0.9746167469629776 0.814385439333146
-0.2360807331244172 -0.5931753045331822 -0.8581544203147 -0.9898689095655183
-0.49102159389846933 -0.11302006053649513 0.2828248552984489 0.634017945236295
0.9473496426224433 0.7456577259883491 0.4242994038323579 0.03484766193153398
-0.9265537301822881 -0.999779179961202 -0.9099294939615457 -0.6716601581523552
0.4737575118026489 0.7855303105244666 0.9670948976685247 0.9883554260585142
0.17710092263318303 -0.2331282211781219 -0.6040925263189236 -0.8733119827746476
-0.7376834256244756 -0.4013277627886875 0.0037006453970436504 0.4080958218391593
0.9940031020692051 0.8630238680902728 0.5820319962883598 0.19987008934729691
-0.8766115337894335 -0.9969056707634253 -0.9411954508300229 -0.7193165502423794
0.45927780547727665 0.7857134801282518 0.9712711467943538 0.9826804147958221
0.09427044993976812 -0.32932571015898165 -0.6929620319835117 -0.9304317956372528
-0.6019998676776046 -0.21107045764632135 0.218876958856801 0.6083632767654343
0.923687578125934 0.6749738650167489 0.299589740344088 -0.13201753262582028
-0.9929998170744354 -0.9487284547524211 -0.7237274776882839 -0.36085882356050814
0.8196566521119455 0.9861457318667427 0.9619671658247718 0.7517957906932247
-0.46993641799537733 -0.805124536648078 -0.9823343107198522 -0.9667943409090064
0.03761721440117745 0.4685299868318114 0.8061557236149289 0.9832711839163479
0.3838541235814129 -0.059331905504442894 -0.49053196617067657 -0.8226369344861523
-0.721218128737094 -0.3418572878825212 0.10756560167195428 0.5349434253761486
0.9310032647224885 0.6721819244008889 0.2736173195793672 -0.18183095925019932
-0.999997895050444 -0.8936487948562206 -0.5988607903756572 -0.17779423910130351
0.9395300555699313 0.99314860937816 0.8343782675146157 0.49717271752954467
-0.7768594806308 -0.9777939965617796 -0.9666807588137113 -0.7459298221720257
0.5464086868031625 0.8681207137803671 0.9989394492105906 0.9100988256496919
-0.28257505997136667 -0.6911970533599698 -0.9457225473126546 -0.9894072495257319
0.01488431343348359 0.47493033123000833 0.827637271516323 0.9932897842457596
0.23450349592519504 -0.24413300339030625 -0.6668389899998328 -0.9367731428751245
-0.4513703618907364 0.01836519003483806 0.4838362238745788 0.836957299812004
0.6287098961102993 0.18875391538200528 -0.29562233264455834 -0.7104285110445615
-0.7652861449331064 -0.3692040532006372 0.11492640691083493 0.5716490351623414
0.8639584893732674 0.5196247893683794 0.04972455778558009 -0.4321915367489943
-0.9300948780045254 -0.640132760126497 -0.19344381715900788 0.300606918837987
0.9702505862566851 0.7331418541589054 0.3141840362986545 -0.18270423859117838
-0.9911764897049221 -0.8023306158939336 -0.41188619882009425 0.08205128710508973
0.9991453218522971 0.8518195280501053 0.4876963073699364 -0.0005509807376338911
-0.9995426443883929 -0.8855647277741178 -0.5433101944805894 -0.061003772134112455
0.996653139489718 0.9069422304766886 0.580466111961012 0.10245423296429018
-0.9935736382969128 -0.9184829135372647 -0.6005805388507749 -0.12390770757443816
0.9921947611909235 0.9217177850755383 0.6045118794104197 0.12548792995559552
-0.9932080612522386 -0.9171006096421496 -0.5924357546703084 -0.10720586322227056
0.996112142065017 0.9039871899217212 0.5638209361734443 0.06895019054767725
-0.9992080341070627 -0.8806650767175596 -0.5175036015219863 -0.010597395996588085
0.9995908740270292 0.8444425367515248 0.45186685104450475 -0.06775779728389078
-0.9931617370387249 -0.7918198248666384 -0.3651397386895085 0.16545277729686145
0.9747001439437536 0.7187774236126897 0.25583262071886004 -0.28079702561725606
-0.9380531797549672 -0.6212223139969123 -0.12332014418155607 0.4105268698874143
0.8765086312478753 0.4956307124385684 -0.03143395876847547 -0.549227153789586
-0.7834223274115728 -0.3399090452028296 0.20504839317076995 0.6888101631392072
0.6531570049645448 0.15445864851093533 -0.39087972591095627 -0.818188856806005
-0.4823529538206378 0.056630863437831656 0.578314530798249 0.9233290205464512
0.27148098774035706 -0.28442044952125023 -0.7524244697086019 -0.9878989107390052
-0.026521020285755953 0.514258241142511 0.8942753038529764 0.9947330856328438
-0.2395314432001038 -0.7255843638434882 -0.9822089237645559 -0.9282609376174431
0.505784019291775 0.8928452896469512 0.9943702217427494 0.7778906403098624
-0.7437733916086638 -0.9879447849024297 -0.912584694495557 -0.5420668727145999
0.9196173520907408 0.9844978002889091 0.7273739256399041 0.23234444235104618
-0.9984722440397332 -0.8637914168375105 -0.4434223928940593 0.12360303600011291
0.9513760377879543 0.6217742275969657 0.08423942146248233 -0.4814666315712793
-0.763855014782107 -0.27564954330528507 0.30575817736666644 0.783783358388211
0.44471676776259017 -0.1320881767099524 -0.6637405029027176 -0.9685018059105127
-0.03244497111948891 0.5347534944970742 0.917155235478796 0.9826122809282642
-0.4040652194563607 -0.8499849265221525 -0.998980444533857 -0.7990033524220411
0.7735120754091134 0.9965492672793433 0.8677027037697156 0.4324683920764586
-0.9804570471831946 -0.9176614025228961 -0.527357943983442 0.05115638066755503
0.9522168480697815 0.6055158801168206 0.04040293375363502 -0.5392835109842029
-0.6683635492490829 -0.11839489778874474 0.4747325039615075 0.89480463073229
0.18256949699834932 -0.4196570214785928 -0.8672908868297121 -0.9954333762131025
0.3753812819623667 0.8440590785914591 0.9985417184696632 0.7813241068910235
-0.8266991391542239 -0.9996684237770597 -0.7966367324114747 -0.2939695001300332
0.9999413943336842 0.8035903226581401 0.30185376421060334 -0.3145951745610548
-0.8025530830715284 -0.2970125673954915 0.32256443353163256 0.8182944383888106
0.2793865543595699 -0.3430651705246272 -0.8324482329996118 -0.9989399546815825
0.3757928481532741 0.8531107134953071 0.9961490032861907 0.7488601517851
-0.8789516555719098 -0.9898123976070469 -0.7088969948718524 -0.14739414712024468
0.977765266735318 0.6565173566584643 0.07279466613542343 -0.540031236690888
-0.590048112109506 0.015547609440880584 0.6148651024455447 0.965895959966865
-0.1170201826752199 -0.6941863663318056 -0.9882408561455883 -0.8792587029516826
0.7743557349484276 0.9994954798167055 0.8129672075115745 0.29159740255166633
-0.9946685469234317 -0.7248539580509643 -0.15354587789158453 0.4816275951295499
0.612391142687562 -0.000918301146770069 -0.613842044231854 -0.9689425914724501
0.16851767928127986 0.7397232421795968 0.9972034842508775 0.8317580087191734
-0.8509193596391765 -0.9935540781685374 -0.7107236262121653 -0.12354320937804643
0.9506897415407818 0.5525764247150977 -0.08444699404744954 -0.6849591918208587
-0.3588587987447852 0.3015218302553703 0.8302865894373436 0.9966268715107344
-0.5153040390811067 -0.9384202228987045 -0.9480015880073779 -0.5398259022061237
0.9949011519240271 0.8370248107671193 0.3067941636163114 -0.35991526696701737
-0.6619486741161109 -0.04007151596085418 0.5997999627214412 0.9703281804229545
-0.2425483360661178 -0.8026103050766695 -0.9988707205294469 -0.7423700417956757
0.9436194664080771 0.938477042704018 0.5039738922954122 -0.16110133051318112
-0.7831939886486974 -0.2049893851157584 0.4678711400015917 0.9246874347573798
-0.1282668057141369 -0.7347430525145698 -0.998807474308382 -0.7973983010302469
0.9234700129260028 0.9534762161429207 0.5350476564309894 -0.1350221764507344
-0.7809321652337131 -0.1916308042992149 0.4886221582349024 0.9369658093664373
-0.1910684513649249 -0.782653373347769 -0.9993949744382917 -0.737487222113155
0.9637339598361683 0.9048106231954693 0.4086138034091178 -0.28505636217752367
-0.6537483891558413 0.0008059091362951183 0.654967221775185 0.9897467209015729
-0.4222082132961687 -0.9138012290581874 -0.9558031213559554 -0.5275489169488146
0.9994392308229831 0.7293048539653963 0.09715190417988626 -0.5832261376466283
-0.3418624468784455 0.3657470082804594 0.8901930006375791 0.9688367612137103
-0.7575223257874819 -0.9998817355477273 -0.7370872084434026 -0.1019061360904544
0.869246431542146 0.31805381606946176 -0.39523530693604875 -0.9070922833327753
0.19350296674212325 0.8004614406275827 0.9958984739756754 0.6793388590928517
-0.9942105120080373 -0.8086109342151442 -0.20368525929413167 0.5068666707372633
0.3802315280488029 -0.3428540195413481 -0.8866053553794893 -0.9666063383566921
0.7946074504080763 0.9958716441753693 0.6717474873238594 -0.006768027552191311
-0.7800993371314121 -0.1476164723703294 0.5634110716899204 0.9746553921779337
-0.4381888322527888 -0.9333313464826719 -0.927627482131984 -0.42413805979217184
0.9686163825808095 0.5364873378543284 -0.18597504992980715 -0.8077924566275791
0.06875053595630908 0.7348676252336459 0.9999356822738298 0.7192956091624841
-0.995624196650835 -0.7860423453221526 -0.143879399062643 0.577464406033421
0.2337892769502104 -0.5032539303644855 -0.9610270212114782 -0.8854985083376624
0.9364725475338364 0.9177953317695476 0.38556964373725267 -0.36239989767952513
-0.4446210159006122 0.3043432429388476 0.8816035385602081 0.9614819304594471
-0.8560900218240194 -0.9736223218374764 -0.5373314408293234 0.20460835675399439
0.5691971586712146 -0.17030343628003258 -0.8121363214814543 -0.9882152779531622
0.7973420393015833 0.9912898533238286 0.612100714342615 -0.12098848441750357
-0.6212266159428452 0.1127858044034401 0.7810588369486847 0.994076617743163
-0.7821446335241893 -0.9935123720064082 -0.6211106112592872 0.11624426000494849
0.6092266443130007 -0.13450609126762722 -0.7985696088438307 -0.9896328655463515
0.8153435690281755 0.9845765536784422 0.5659652822986599 -0.19055718457812598
-0.5310700794517784 0.23459674287333876 0.8590804401699498 0.9665592562029303
-0.8859527784925297 -0.9499413936480611 -0.43770830638983194 0.3400327660504357
0.37522631230347825 -0.40656616726473543 -0.9397935702136465 -0.8984530932083563
0.9645588647469804 0.8578953732794852 0.22261200363546446 -0.5498409252667665
-0.12905789923962555 0.6292447848579028 0.9967844854448507 0.7453178965517638
-0.9996026278078753 -0.6663261129135262 0.0839635149711766 0.7817054697613285
-0.20435344104114728 -0.853398047138465 -0.9642122971564712 -0.4669066554373059
0.919726082487404 0.34043749170384774 -0.45521872929499574 -0.961557233863052
0.5818692461524514 0.9920173856659171 0.766838444251709 0.05054590203861443
-0.6534703892225587 0.11425649676886127 0.8082495013050939 0.9806496459102413
-0.8984590974479191 -0.9303423691705266 -0.3572719295930559 0.44811403909810615
0.17601627283386595 -0.6102651651838027 -0.9967158112477386 -0.730142665524544
0.9927278500959867 0.5756973132242769 -0.22136108691732015 -0.8722951628005414
0.4243862620891908 0.9575224394688993 0.8538350044195127 0.18228381023531948
-0.7137945059855535 0.04841306907849888 0.7781816587848116 0.9865327074137276
-0.9059025030409021 -0.9173692355778384 -0.3095819061967903 0.5071832758022218
0.059643873587678094 -0.7105789639410705 -0.9975841536306918 -0.6061984920553686
0.9434423911063801 0.3704851328589751 -0.45627280565165723 -0.970461255701688
0.6856838342755847 0.9991426007036329 0.6231130026973336 -0.1829144402460938
-0.36873017054636864 0.463868926823783 0.9740211069001287 0.8071068030247314
-0.9968042264297787 -0.5871184261896886 0.23365864702767897 0.890831536891105
-0.5291338443628917 -0.989280727485199 -0.7517289157930864 0.01598614363178098
0.4930620071733182 -0.3470222480620083 -0.9406003232398918 -0.8660258694732021
0.9999979896059419 0.6407369895711578 -0.17693902506870898 -0.8680240872876126
0.5138067739922563 0.9880865274801945 0.7503841892814606 -0.02801988889111896
-0.4560654877349017 0.39533350298659814 0.9598398752707921 0.827792646565824
-0.9945925196760694 -0.5508823221827963 0.29543638673950495 0.9258374684344477
-0.6454810465920233 -0.9998464712197016 -0.6183224218192572 0.21828845827937704
0.24888839557349904 -0.5959656373213988 -0.9991042746830046 -0.6617308552519693
0.926392794948549 0.2872784847916734 -0.566249974617232 -0.9971501726039056
0.8642661406545855 0.9324863610056288 0.2998826554756874 -0.5581022981909277
0.14993681711330134 0.8676740737533898 0.9287728897969751 0.2869948993612365
-0.6613978459750309 0.17967138833600607 0.8838293825463895 0.9145013090942201
-0.9999871479811169 -0.6203584020530268 0.2352415511324647 0.9103519603395704
-0.66876104200842 -0.9974274475765346 -0.5555726707386907 0.31546671718046987
0.08055682493663587 -0.7397435263174027 -0.9846871423220445 -0.4637621034580285
0.7667926995090693 -0.04282405154563479 -0.8189068972888158 -0.9537345286904526
0.9970967763431533 0.6646421889830498 -0.19178950626009106 -0.8970220864330989
0.6753155927902353 0.9955918640607345 0.5256963234092027 -0.36142883851957885
0.008207124773692665 0.8045241814578442 0.9580307978104677 0.34607602321279884
-0.6480171426756565 0.22312771955516134 0.9148038089562789 0.8706738886846981
-0.9851359060614224 -0.44827090261278546 0.45155134089791127 0.9857602298871375
-0.877317603979198 -0.9063999064890716 -0.19672387255377385 0.6732913227011782
-0.4050729713876511 -0.977244927415497 -0.7476617400364565 0.09532104532061755
0.2144480181563088 -0.6647855164677555 -0.9950297224434544 -0.503564240440433
0.7374668634548847 -0.11708550894822477 -0.8743143544812502 -0.9047977868905521
0.9890238346713162 0.4551113663117277 -0.45956266345857893 -0.9897510260774692
0.911085624368526 0.863591086112388 0.0888984089391987 -0.7606523330900042
0.5586230683008597 0.999770923860506 0.5936077893392879 -0.31564099380472926
0.05950428116823096 0.8518668966020917 0.9176211001814687 0.20068118458959025
-0.43824553547132866 0.4879044715795024 0.9952237812262069 0.6482154619113435
-0.8115681644677003 0.01983420392348382 0.8341016450526696 0.9277820098194065
-0.9886542368175941 -0.43498036373545973 0.49686584545038215 0.9967364227008255
-0.9546228669628013 -0.7832451257627925 0.07339882530143121 0.8658256709302306
-0.7414344700504327 -0.9710816661006593 -0.34576481384565033 0.5839718367913972
-0.40960429930114384 -0.9857910970150395 -0.6886114355763874 0.21864690586074884
-0.02883095996698692 -0.8479830807656064 -0.911160206180285 -0.16204007203244575
0.33758523771709803 -0.5990517441577307 -0.998307634156659 -0.5020287866253971
0.6423309008208203 -0.2883127943517131 -0.9587195146942747 -0.7637665593572435
0.8576699331857791 0.037378922896274924 -0.8168596203677856 -0.9292263613084131
0.974370683184475 0.34030346594614613 -0.6047301983731684 -0.9971664899099553
0.9978032744219705 0.5948600877161377 -0.35499472029806434 -0.9784690196122566
0.9429277646514197 0.787624174226973 -0.09624058913452552 -0.8910817308265833
0.8294545432171636 0.9155187314496968 0.1495655455554982 -0.7555791598635005
0.6779314911732639 0.9830924652365711 0.36780504430358363 -0.591850352859704
0.5070509639540443 0.9996696922547889 0.5506695453450952 -0.4170227675048316
0.3321428922858065 0.9768578096778668 0.6959089062805859 -0.24447854664453947
0.1646362623934559 0.926645467049242 0.8053131102770841 -0.08369854301803567
0.012203620130911927 0.8601365156849153 0.8832375237181009 0.05935382579748012
-0.12068647611124243 0.7868482594108092 0.9353476857866286 0.181561428297524
-0.23203250009850182 0.7144469104029005 0.9676539665103735 0.2818860843360774
-0.3215367736757958 0.6487809133444311 0.9858343554681935 0.36063130103382657
-0.38991317735467185 0.5940863524610229 0.99480253902727 0.41880591535416006
-0.4383145284712195 0.5532639046409186 0.9984613207211285 0.4576187885840028
-0.4678953989312308 0.5281542238769459 0.9995806184347933 0.47810912969918457
-0.479507351081328 0.5197629392550358 0.9997481489565933 0.48090435617153554
-0.4735161122691337 0.5284055930902615 0.999354761600713 0.4660943988002285
-0.4497307336809181 0.5537570343449306 0.9975923357576142 0.4332146904188832
-0.4074400695583618 0.5948005526106035 0.9924587846307694 0.38133667590858694
-0.3455590369873558 0.6496816121356346 0.9807814415298984 0.3092717182061538
-0.26289329751076723 0.7154818509692225 0.9582865927176316 0.21589896681075513
-0.15853338004399595 0.7879432633598847 0.9197583665939061 0.10062712336325469
-0.03238471409437338 0.8611917070605134 0.859342722890862 -0.03600918246190472
0.11417478730030195 0.9275332419670853 0.7710584225031667 -0.19163883795527553
0.277546191694768 0.9774242444034191 0.649571198971137 -0.3612856960809498
0.45115017023052406 0.9997413976328136 0.49126278485549135 -0.5366492281020062
0.624794565464185 0.9824909423884162 0.2955752269550117 -0.7056044098615853
0.7843720230761538 0.914083822480258 0.06652706247889688 -0.85215534804948
0.9121492723697625 0.7852469597136729 -0.18581881586795654 -0.9571239261717515
0.9879367176164964 0.591523330676059 -0.44429438497928647 -0.999854199978735
0.9913884935889259 0.3361243848485641 -0.6844637132658901 -0.9611277595008141
0.9055399984980432 0.03264499460436175 -0.8759247126251528 -0.8272770992194421
0.7214099032474015 -0.2931282965785698 -0.985590558633736 -0.5951310859568695
0.44307102653667685 -0.6033101566141158 -0.9832082184772104 -0.2769457455929863
0.09207611460130011 -0.8509510275296328 -0.8488464637499336 0.09605231542594754
-0.29036473802892326 -0.9867684041670269 -0.5812939536984048 0.47328426234618154
-0.6453051517714636 -0.9695785913551527 -0.20536500968027663 0.7893994006232404
-0.9036587377071761 -0.7791792307791493 0.22470931099951136 0.9749830354138941
-0.9999909444062848 -0.428839048771245 0.6288910454070961 0.9730558221756253
-0.8910829989213239 0.026937501145778017 0.9142315864116473 0.7587021819802775
-0.5752511998315967 0.49435162861530046 0.9970911416616142 0.35648580136512625
-0.10589758762554134 0.8558731770679279 0.8310664962327959 -0.15172260873533427
0.408416102554076 0.9999100673381063 0.4327501557263313 -0.6358624983084145
0.8234885338284587 0.8593819743847272 -0.10574215522059674 -0.947696660098301
0.9993358171416006 0.4474498462702562 -0.6283431478491015 -0.9684260039229896
0.852333201476983 -0.12590125537650093 -0.9559569126898161 -0.660904267382343
0.4019227585976519 -0.671613421300569 -0.9506140540586566 -0.10501438312131081
-0.2115875314490029 -0.9792105424925981 -0.5824398652234947 0.5069186401561298
-0.7578514849779783 -0.9022297815436451 0.03174901859585045 0.9277809672605924
-0.999033565002839 -0.4392505685940013 0.6482133342951991 0.9569649843387403
-0.8003924535923178 0.233216161492586 0.9852308637765763 0.5476409856247055
-0.21933702833760824 0.8108082977055553 0.8569869650885891 -0.13684173171021727
0.4844022657973883 0.9945047695937406 0.2916131560218285 -0.7669580416170931
0.9497682331317839 0.6561947463454267 -0.441768043944353 -0.9981942078628554
0.9010929646731276 -0.05435638881535786 -0.9428391846743787 -0.6697530100434773
0.3292118565960359 -0.7476598845050073 -0.8988162769786286 0.06289701961275582
-0.45408584593496876 -0.9964838905535992 -0.29893848317140553 0.770581642791912
-0.9630645191941927 -0.6105583271699925 0.5054481650652619 0.9893941176348139
-0.8396385245621222 0.19217957745958622 0.9824893989814864 0.5381241915861114
-0.12943846986922766 0.8740760868945547 0.7737431165214573 -0.30372953152663706
0.6867525834278131 0.927591650052949 -0.008752596171442053 -0.9339891419798751
0.9956757929363228 0.27420789805783224 -0.7969530765363366 -0.8517721525318508
0.5234979475550575 -0.6070810330146019 -0.959684395124513 -0.08245018989059094
-0.3856050094665545 -0.99949652544665 -0.326308688015048 0.7670758829621677
-0.9784214665878563 -0.5387178539761025 0.598065758114098 0.9609754856147008
-0.7118296501552108 0.4088864546020338 0.9979673490570852 0.2894885529931355
0.21306886209842324 0.9902974897579078 0.4737503033047779 -0.6617287603705363
0.946279691779962 0.6288420742640708 -0.5140818839291789 -0.9821661796048486
0.7534203202690538 -0.3616946256328124 -0.999744134604406 -0.3191581466862617
-0.21194652119246893 -0.991488706027548 -0.4570654282929551 0.6830815286530781
-0.9636600313627095 -0.5738601723935628 0.5800485919465298 0.9616084183814952
-0.6701396839379524 0.4784918428555067 0.9869914764895235 0.17508255601483305
0.3824234799939586 0.9983017314948919 0.2723568106058365 -0.8196644858913756
0.9995019012653009 0.35448218467796694 -0.7692329082990195 -0.8541701656450645
0.42190507276863665 -0.7227600901129476 -0.8868448903067221 0.15226718780107018
-0.682566835587801 -0.9101544913362434 0.10282775558641812 0.9756524578789958
-0.9259369100767981 0.06644220880443943 0.9678383385627493 0.5439199338601965
0.043292349888846185 0.9626537402211015 0.5577065011050651 -0.6144693906966997
0.9608684717395621 0.5603475940653808 -0.6145861678160872 -0.9401481257440634
